ctuid,Own_count,Rent_count,Unknown_count,Total_count
5350001.00,13,19,4,36
5350002.00,0,4,0,4
5350003.00,3,9,4,16
5350004.00,3,11,4,18
5350005.00,6,13,15,34
5350006.00,3,7,4,14
5350007.01,3,10,4,17
5350007.02,4,10,8,22
5350008.01,3,19,12,34
5350008.02,7,19,6,32
5350009.00,3,9,11,23
5350010.01,4,19,12,35
5350010.02,6,16,12,34
5350011.01,9,20,2,31
5350011.02,11,28,5,44
5350011.03,7,27,5,39
5350012.01,5,15,2,22
5350012.03,6,24,4,34
5350012.04,0,7,0,7
5350013.01,9,25,8,42
5350013.02,4,13,8,25
5350014.00,21,29,10,60
5350015.00,28,36,12,76
5350016.00,36,44,14,94
5350017.01,18,22,10,50
5350017.02,20,28,12,60
5350018.00,14,25,4,43
5350019.00,3,13,0,16
5350020.00,5,10,0,15
5350021.00,4,2,0,6
5350022.00,2,6,0,8
5350023.00,3,8,0,11
5350024.00,5,10,0,15
5350025.00,4,8,0,12
5350026.00,6,16,0,22
5350027.00,4,16,0,20
5350028.01,3,21,0,24
5350028.02,3,19,0,22
5350029.00,19,31,4,54
5350030.00,25,38,13,76
5350031.00,27,37,11,75
5350032.00,41,45,18,104
5350033.00,36,41,16,93
5350034.01,34,35,12,81
5350034.02,40,46,16,102
5350035.00,32,39,15,86
5350036.00,21,39,8,68
5350037.00,26,38,5,69
5350038.00,13,26,2,41
5350039.00,12,24,3,39
5350040.00,11,25,12,48
5350041.00,15,28,9,52
5350042.00,10,19,12,41
5350043.00,7,27,12,46
5350044.01,7,13,12,32
5350044.02,5,9,13,27
5350045.00,6,15,8,29
5350046.00,8,19,11,38
5350047.02,5,13,11,29
5350047.03,5,18,3,26
5350047.04,5,12,4,21
5350048.00,3,10,4,17
5350049.00,3,8,4,15
5350050.01,0,3,0,3
5350050.03,0,12,0,12
5350050.04,0,3,0,3
5350051.00,1,11,0,12
5350052.00,3,15,3,21
5350053.00,5,19,1,25
5350054.00,8,17,8,33
5350055.00,8,18,8,34
5350056.00,12,22,8,42
5350057.00,13,18,1,32
5350058.00,15,22,8,45
5350059.00,14,17,1,32
5350060.00,18,16,1,35
5350061.00,29,32,4,65
5350062.01,16,20,3,39
5350062.03,28,33,5,66
5350062.04,21,30,7,58
5350063.03,16,22,6,44
5350063.04,30,36,8,74
5350063.05,16,21,6,43
5350063.06,23,32,8,63
5350064.00,22,24,6,52
5350065.01,16,21,6,43
5350065.02,14,20,4,38
5350066.00,32,34,10,76
5350067.00,13,22,7,42
5350068.00,26,33,9,68
5350069.00,14,45,6,65
5350070.00,0,25,2,27
5350071.00,2,26,3,31
5350072.01,3,33,2,38
5350072.02,4,34,3,41
5350073.00,5,40,3,48
5350074.00,9,12,2,23
5350075.00,6,29,4,39
5350076.00,5,15,2,22
5350077.00,7,13,1,21
5350078.00,5,15,1,21
5350079.00,3,17,1,21
5350080.01,4,13,1,18
5350080.02,2,16,1,19
5350081.00,4,9,2,15
5350082.00,5,25,4,34
5350083.00,4,29,4,37
5350084.00,3,26,3,32
5350085.00,1,8,1,10
5350086.00,1,13,1,15
5350087.00,3,24,3,30
5350088.00,6,21,3,30
5350089.00,13,20,3,36
5350090.00,7,24,0,31
5350091.01,17,18,3,38
5350091.02,10,14,0,24
5350092.00,20,13,1,34
5350093.00,18,20,1,39
5350094.00,11,16,1,28
5350095.00,7,14,1,22
5350096.01,4,13,0,17
5350096.02,7,15,1,23
5350097.01,2,15,0,17
5350097.03,2,13,0,15
5350097.04,3,19,0,22
5350098.00,4,17,0,21
5350099.00,3,16,0,19
5350100.00,2,12,0,14
5350101.00,2,11,0,13
5350102.02,2,9,0,11
5350102.03,2,8,0,10
5350102.04,2,5,0,7
5350102.05,2,10,0,12
5350103.00,2,9,0,11
5350104.00,0,6,0,6
5350105.00,2,8,0,10
5350106.00,4,15,0,19
5350107.00,3,10,0,13
5350108.00,4,10,0,14
5350109.00,2,15,0,17
5350110.00,1,14,0,15
5350111.00,2,7,0,9
5350112.00,2,12,0,14
5350113.00,3,10,0,13
5350114.00,9,12,0,21
5350115.00,10,13,0,23
5350116.00,13,11,0,24
5350117.00,13,15,0,28
5350118.00,12,9,0,21
5350119.00,7,18,0,25
5350120.00,3,16,0,19
5350121.00,0,13,0,13
5350122.00,2,16,0,18
5350123.00,2,14,0,16
5350124.00,2,18,0,20
5350125.00,2,15,0,17
5350126.00,2,26,0,28
5350127.00,3,31,0,34
5350128.02,3,28,0,31
5350128.04,2,16,0,18
5350128.05,2,28,0,30
5350128.06,2,25,0,27
5350129.00,3,35,0,38
5350130.00,5,17,0,22
5350131.00,6,6,0,12
5350132.00,4,5,0,9
5350133.00,0,2,0,2
5350134.00,0,16,0,16
5350135.00,3,24,0,27
5350136.01,2,22,0,24
5350136.02,2,24,0,26
5350137.00,3,29,0,32
5350138.00,2,6,0,8
5350139.01,3,4,0,7
5350139.02,2,21,0,23
5350140.00,2,4,0,6
5350141.01,1,2,0,3
5350141.02,0,4,0,4
5350142.00,2,2,0,4
5350150.00,0,8,0,8
5350151.00,0,5,0,5
5350152.00,0,7,0,7
5350153.00,0,8,0,8
5350154.00,2,7,0,9
5350155.00,2,12,0,14
5350156.01,2,8,0,10
5350156.02,4,9,0,13
5350157.00,2,9,0,11
5350158.00,4,9,0,13
5350159.01,2,6,0,8
5350159.02,2,9,0,11
5350160.00,4,9,0,13
5350161.00,4,13,0,17
5350162.00,4,12,0,16
5350163.00,4,9,0,13
5350164.00,10,15,0,25
5350165.00,8,11,0,19
5350166.00,3,7,0,10
5350167.01,6,5,0,11
5350167.02,8,10,0,18
5350168.00,4,11,0,15
5350169.01,4,10,0,14
5350169.02,3,9,0,12
5350170.00,4,11,0,15
5350171.00,0,8,0,8
5350172.00,2,12,0,14
5350173.00,2,10,0,12
5350174.00,2,10,0,12
5350175.01,2,9,0,11
5350175.02,0,7,0,7
5350176.00,0,7,0,7
5350180.00,1,19,1,21
5350181.01,4,12,2,18
5350181.02,7,7,3,17
5350182.00,3,6,2,11
5350183.01,4,26,4,34
5350183.02,4,27,4,35
5350184.01,3,24,2,29
5350184.02,1,12,0,13
5350185.01,3,22,3,28
5350185.02,1,14,1,16
5350186.00,1,16,1,18
5350187.00,1,11,1,13
5350188.00,6,3,1,10
5350189.00,5,12,2,19
5350190.01,0,13,1,14
5350190.02,5,7,1,13
5350191.00,5,3,1,9
5350192.00,6,2,1,9
5350193.00,5,7,1,13
5350194.01,0,12,0,12
5350194.02,0,12,0,12
5350194.03,0,10,0,10
5350194.04,0,18,0,18
5350195.01,1,4,0,5
5350195.02,0,10,0,10
5350196.01,1,4,0,5
5350196.02,0,10,0,10
5350200.01,0,7,0,7
5350200.02,2,6,0,8
5350201.00,2,8,0,10
5350202.00,2,10,0,12
5350203.00,2,10,0,12
5350204.00,2,4,0,6
5350205.00,0,3,0,3
5350206.01,0,1,0,1
5350206.02,0,2,0,2
5350207.00,2,6,0,8
5350208.00,2,13,0,15
5350209.00,2,8,0,10
5350210.01,2,17,0,19
5350210.03,0,5,0,5
5350210.04,0,1,0,1
5350211.00,0,8,0,8
5350212.00,0,1,0,1
5350213.01,0,5,0,5
5350213.02,1,14,0,15
5350214.00,2,17,0,19
5350215.00,0,13,0,13
5350216.00,0,6,0,6
5350217.00,0,3,0,3
5350218.00,2,6,0,8
5350219.00,2,8,0,10
5350220.00,1,2,0,3
5350221.01,0,2,0,2
5350221.02,0,2,0,2
5350222.01,1,6,0,7
5350222.02,1,4,0,5
5350223.01,1,3,0,4
5350223.02,1,5,0,6
5350224.00,3,3,0,6
5350225.01,3,8,0,11
5350225.02,2,8,0,10
5350226.00,2,3,0,5
5350227.00,2,2,0,4
5350228.00,0,6,0,6
5350229.00,0,2,0,2
5350230.01,0,3,0,3
5350230.02,0,0,0,0
5350231.00,2,4,0,6
5350232.00,0,3,0,3
5350233.00,1,3,0,4
5350234.00,0,3,0,3
5350235.01,1,1,0,2
5350235.02,0,2,0,2
5350236.01,0,2,0,2
5350236.02,1,2,0,3
5350237.01,0,2,0,2
5350237.02,0,4,0,4
5350237.03,0,3,0,3
5350238.01,0,3,0,3
5350238.02,0,4,0,4
5350239.00,0,5,0,5
5350240.01,0,2,0,2
5350240.02,0,0,0,0
5350241.00,0,4,0,4
5350242.00,0,8,0,8
5350243.01,0,1,0,1
5350243.02,0,1,0,1
5350244.01,1,1,0,2
5350244.02,1,2,0,3
5350245.00,2,4,0,6
5350246.00,1,6,0,7
5350247.01,3,7,0,10
5350247.02,2,7,0,9
5350248.02,0,10,0,10
5350248.03,0,9,0,9
5350248.04,0,3,0,3
5350248.05,0,6,0,6
5350249.01,0,3,0,3
5350249.03,0,5,0,5
5350249.04,0,6,0,6
5350249.05,0,6,0,6
5350250.01,0,10,0,10
5350250.02,0,4,0,4
5350250.04,0,6,0,6
5350250.05,0,7,0,7
5350260.01,6,6,1,13
5350260.04,0,4,0,4
5350260.05,0,3,0,3
5350260.06,0,6,0,6
5350260.07,1,2,0,3
5350261.00,1,6,3,10
5350262.01,1,5,2,8
5350262.02,4,6,2,12
5350263.02,0,5,0,5
5350263.03,3,5,0,8
5350263.04,4,2,0,6
5350264.00,2,6,0,8
5350265.00,3,11,0,14
5350266.00,2,7,0,9
5350267.00,1,4,0,5
5350268.00,3,5,0,8
5350269.01,0,10,1,11
5350269.02,3,6,0,9
5350270.01,0,5,0,5
5350270.02,3,2,0,5
5350271.01,3,4,0,7
5350271.02,0,4,0,4
5350272.01,0,8,0,8
5350272.02,0,13,1,14
5350273.01,2,6,1,9
5350273.02,0,1,0,1
5350274.01,3,10,1,14
5350274.02,0,12,0,12
5350275.00,0,9,0,9
5350276.01,1,2,0,3
5350276.02,1,4,0,5
5350277.00,2,3,0,5
5350278.00,1,5,0,6
5350279.01,3,18,0,21
5350279.02,3,17,0,20
5350280.00,0,10,0,10
5350281.01,2,7,0,9
5350281.02,2,5,0,7
5350282.00,3,5,0,8
5350283.01,0,3,0,3
5350283.02,4,1,0,5
5350284.00,1,4,0,5
5350285.00,3,11,0,14
5350286.00,3,17,0,20
5350287.02,1,5,0,6
5350287.03,1,6,0,7
5350287.04,1,5,0,6
5350288.00,3,7,0,10
5350289.00,2,6,0,8
5350290.01,4,5,0,9
5350290.02,3,7,0,10
5350291.02,4,5,0,9
5350291.03,1,4,0,5
5350291.04,3,7,0,10
5350292.00,4,1,0,5
5350293.00,0,1,0,1
5350294.01,5,4,0,9
5350294.02,1,1,0,2
5350295.00,1,6,0,7
5350296.00,2,12,0,14
5350297.01,1,8,0,9
5350297.02,1,8,0,9
5350298.00,1,12,0,13
5350299.01,0,17,0,17
5350299.02,6,9,0,15
5350300.01,0,8,0,8
5350300.02,0,10,0,10
5350300.03,8,11,1,20
5350301.01,0,11,1,12
5350301.03,0,16,1,17
5350301.04,0,22,1,23
5350302.01,0,21,1,22
5350302.02,0,12,1,13
5350302.03,13,7,1,21
5350303.00,0,16,1,17
5350304.01,0,10,1,11
5350304.02,0,11,1,12
5350304.03,0,3,0,3
5350304.04,0,10,1,11
5350304.05,0,10,0,10
5350304.06,0,3,0,3
5350305.01,2,5,1,8
5350305.03,2,5,1,8
5350305.05,2,4,1,7
5350305.06,2,3,0,5
5350306.01,9,10,1,20
5350306.02,10,10,1,21
5350307.03,12,7,0,19
5350307.04,6,8,0,14
5350307.05,13,4,0,17
5350307.06,12,4,0,16
5350307.07,13,11,1,25
5350308.02,4,9,0,13
5350308.03,4,3,0,7
5350308.05,6,6,0,12
5350308.06,12,4,0,16
5350308.07,12,7,0,19
5350309.00,0,9,5,14
5350310.01,1,11,5,17
5350310.02,3,7,10,20
5350311.02,0,5,1,6
5350311.03,0,6,1,7
5350311.04,0,5,0,5
5350311.05,0,2,1,3
5350311.06,4,11,11,26
5350312.02,1,5,1,7
5350312.03,1,7,0,8
5350312.04,1,7,0,8
5350312.05,1,5,0,6
5350312.06,1,2,0,3
5350312.07,1,2,0,3
5350313.00,0,6,0,6
5350314.01,0,4,0,4
5350314.02,0,5,0,5
5350315.01,0,7,0,7
5350315.02,0,2,0,2
5350315.03,0,13,0,13
5350316.01,0,10,0,10
5350316.03,0,6,0,6
5350316.04,0,3,1,4
5350316.05,0,7,1,8
5350316.06,0,6,1,7
5350317.02,1,2,0,3
5350317.03,2,6,0,8
5350317.04,0,6,8,14
5350317.05,0,4,5,9
5350318.01,4,12,0,16
5350318.02,7,7,0,14
5350319.00,5,8,0,13
5350320.01,0,7,0,7
5350320.02,0,6,0,6
5350321.01,1,5,0,6
5350321.02,5,7,0,12
5350322.01,7,5,0,12
5350322.02,7,8,0,15
5350323.01,0,3,0,3
5350323.02,0,2,0,2
5350324.01,0,2,0,2
5350324.02,0,3,0,3
5350324.03,13,9,1,23
5350324.05,0,3,0,3
5350324.06,13,4,1,18
5350330.00,2,1,2,5
5350331.01,0,16,5,21
5350331.03,0,16,3,19
5350331.04,0,16,3,19
5350332.00,0,19,3,22
5350333.00,0,17,1,18
5350334.00,0,0,0,0
5350335.00,0,4,1,5
5350336.00,2,3,1,6
5350337.01,0,0,1,1
5350337.02,0,1,0,1
5350338.00,3,4,0,7
5350339.00,4,9,1,14
5350340.00,2,15,0,17
5350341.02,3,15,1,19
5350341.03,2,15,1,18
5350341.04,2,14,1,17
5350342.00,3,9,0,12
5350343.00,3,6,1,10
5350344.01,2,5,2,9
5350344.02,1,4,1,6
5350345.00,1,4,2,7
5350346.01,3,10,2,15
5350346.02,3,10,1,14
5350347.00,3,11,1,15
5350348.00,2,14,2,18
5350349.00,0,6,2,8
5350350.00,1,13,3,17
5350351.01,2,12,1,15
5350351.02,2,15,1,18
5350352.00,1,14,0,15
5350353.02,2,11,0,13
5350353.03,1,5,1,7
5350353.04,1,8,0,9
5350354.00,1,8,0,9
5350355.02,1,19,1,21
5350355.04,0,6,0,6
5350355.05,0,8,0,8
5350355.06,0,4,0,4
5350356.00,1,21,3,25
5350357.01,0,5,3,8
5350357.02,2,4,4,10
5350358.01,2,3,2,7
5350358.02,2,3,2,7
5350358.03,2,2,2,6
5350359.00,2,4,0,6
5350360.00,0,2,0,2
5350361.01,0,2,0,2
5350361.02,0,1,0,1
5350362.01,0,1,0,1
5350362.02,0,2,0,2
5350362.03,0,3,0,3
5350362.04,0,3,0,3
5350363.02,0,7,0,7
5350363.04,0,3,0,3
5350363.05,0,3,0,3
5350363.06,1,16,0,17
5350363.07,1,16,0,17
5350364.01,3,6,0,9
5350364.02,2,2,0,4
5350365.00,1,6,0,7
5350366.00,2,6,0,8
5350367.01,1,9,0,10
5350367.02,2,10,0,12
5350368.01,1,8,0,9
5350368.02,1,11,0,12
5350369.00,2,17,0,19
5350370.01,2,8,0,10
5350370.02,0,12,0,12
5350370.03,0,5,0,5
5350371.00,1,12,0,13
5350372.00,1,6,0,7
5350373.00,1,10,0,11
5350374.01,1,14,0,15
5350374.02,2,9,2,13
5350374.03,3,11,2,16
5350375.01,0,39,0,39
5350375.02,0,10,0,10
5350375.03,1,8,2,11
5350375.04,2,33,2,37
5350375.05,1,36,0,37
5350376.01,2,7,2,11
5350376.02,3,7,0,10
5350376.04,14,11,1,26
5350376.05,4,4,0,8
5350376.06,4,6,0,10
5350376.08,1,32,0,33
5350376.09,14,7,1,22
5350376.11,13,32,1,46
5350376.12,14,32,1,47
5350376.13,2,7,0,9
5350376.14,2,4,0,6
5350376.15,1,9,2,12
5350376.16,1,8,2,11
5350377.02,2,7,1,10
5350377.03,1,3,0,4
5350377.04,2,4,0,6
5350377.06,3,4,0,7
5350377.07,3,5,0,8
5350377.08,2,7,3,12
5350377.09,2,9,3,14
5350378.02,2,7,1,10
5350378.03,0,16,0,16
5350378.04,0,12,0,12
5350378.05,0,8,0,8
5350378.06,4,7,0,11
5350378.07,1,17,0,18
5350378.08,0,4,0,4
5350378.11,0,8,0,8
5350378.12,0,7,0,7
5350378.14,0,5,0,5
5350378.16,4,6,0,10
5350378.17,4,7,0,11
5350378.18,0,0,0,0
5350378.19,0,6,0,6
5350378.20,1,2,0,3
5350378.21,1,7,0,8
5350378.22,1,2,0,3
5350378.23,1,5,1,7
5350378.24,1,7,0,8
5350378.25,4,1,0,5
5350378.26,4,0,0,4
5350378.27,4,5,0,9
5350378.28,4,2,0,6
5350400.02,0,3,0,3
5350400.03,0,11,0,11
5350400.04,0,15,0,15
5350400.06,0,1,0,1
5350400.07,0,12,0,12
5350400.08,0,16,0,16
5350400.11,0,0,0,0
5350400.12,0,14,0,14
5350400.13,0,0,0,0
5350400.14,0,0,0,0
5350400.15,1,12,0,13
5350400.16,1,0,0,1
5350400.17,0,0,0,0
5350400.18,0,0,0,0
5350400.19,0,0,0,0
5350400.20,0,0,0,0
5350400.21,1,0,0,1
5350400.22,1,0,0,1
5350400.23,1,0,0,1
5350401.04,1,4,0,5
5350401.05,1,8,1,10
5350401.06,5,2,2,9
5350401.07,9,5,2,16
5350401.08,5,2,2,9
5350401.09,1,0,0,1
5350401.10,1,2,1,4
5350401.11,1,3,0,4
5350401.13,1,3,0,4
5350401.14,5,6,2,13
5350401.15,9,7,2,18
5350401.17,1,4,0,5
5350401.18,10,10,2,22
5350401.19,1,4,0,5
5350401.20,1,2,0,3
5350401.21,1,2,0,3
5350401.22,9,9,2,20
5350401.23,0,2,0,2
5350402.01,0,3,0,3
5350402.02,1,5,1,7
5350402.03,3,3,1,7
5350402.04,1,2,1,4
5350402.05,1,3,1,5
5350402.06,1,1,1,3
5350402.07,2,2,1,5
5350402.08,2,2,1,5
5350402.09,3,2,1,6
5350402.10,2,2,1,5
5350402.12,2,4,1,7
5350402.13,3,4,0,7
5350403.01,1,0,0,1
5350403.04,2,0,0,2
5350403.05,0,0,0,0
5350403.07,0,0,0,0
5350403.09,0,0,0,0
5350403.10,0,0,0,0
5350403.11,2,0,0,2
5350403.12,3,0,0,3
5350403.13,3,0,0,3
5350403.14,2,0,0,2
5350403.15,0,0,0,0
5350403.16,4,0,0,4
5350410.02,4,3,0,7
5350410.03,3,2,0,5
5350410.04,3,1,0,4
5350410.05,2,2,0,4
5350410.07,4,1,1,6
5350410.09,2,7,0,9
5350410.10,1,2,0,3
5350410.11,2,3,0,5
5350410.12,2,1,0,3
5350410.13,4,2,1,7
5350410.14,3,1,1,5
5350410.15,2,1,1,4
5350411.01,3,3,1,7
5350411.04,0,0,1,1
5350411.07,1,0,1,2
5350411.08,5,15,1,21
5350411.09,3,0,0,3
5350411.12,1,0,0,1
5350411.15,0,1,1,2
5350411.16,1,2,1,4
5350411.17,1,0,0,1
5350411.18,3,0,1,4
5350411.19,6,2,0,8
5350411.21,2,7,0,9
5350411.22,2,7,0,9
5350411.23,2,7,0,9
5350411.24,0,0,0,0
5350411.25,0,0,0,0
5350411.26,0,1,0,1
5350411.27,0,1,1,2
5350411.28,6,0,0,6
5350411.29,7,2,0,9
5350411.30,6,0,0,6
5350412.01,1,7,0,8
5350412.02,2,5,0,7
5350412.04,0,7,0,7
5350412.06,1,0,0,1
5350412.08,1,1,0,2
5350412.10,1,0,0,1
5350412.11,2,2,0,4
5350412.12,0,0,0,0
5350412.13,0,1,0,1
5350412.14,1,1,0,2
5350412.15,1,1,0,2
5350412.18,2,1,0,3
5350412.19,1,0,0,1
5350412.20,1,0,0,1
5350412.21,0,0,0,0
5350412.22,0,0,0,0
5350412.24,1,0,0,1
5350412.25,0,0,0,0
5350412.26,0,0,0,0
5350413.01,2,3,0,5
5350413.02,0,0,0,0
5350420.03,0,7,0,7
5350420.05,1,3,1,5
5350420.06,0,1,0,1
5350420.08,0,12,0,12
5350420.09,0,2,0,2
5350420.10,1,0,0,1
5350420.11,1,3,0,4
5350420.13,0,0,0,0
5350420.14,0,0,0,0
5350420.15,0,0,0,0
5350421.01,5,2,0,7
5350421.04,0,0,0,0
5350421.05,3,2,0,5
5350421.06,0,9,0,9
5350421.07,2,5,0,7
5350422.02,1,17,0,18
5350422.03,2,5,0,7
5350422.04,1,4,0,5
5350422.05,2,8,0,10
5350422.06,1,17,0,18
5350423.01,0,10,0,10
5350423.02,0,10,0,10
5350424.04,3,7,0,10
5350424.05,4,3,0,7
5350424.07,3,3,0,6
5350424.08,3,2,0,5
5350424.09,2,2,0,4
5350424.10,1,4,0,5
5350424.11,0,4,0,4
5350424.13,0,6,0,6
5350424.14,1,2,0,3
5350424.15,3,3,0,6
5350424.16,3,1,0,4
5350430.03,1,2,0,3
5350430.05,1,2,0,3
5350430.06,2,2,0,4
5350430.07,3,4,0,7
5350430.08,3,4,0,7
5350431.01,0,0,0,0
5350431.02,2,5,0,7
5350440.00,4,35,0,39
5350441.02,3,30,0,33
5350441.03,1,29,0,30
5350441.04,1,13,0,14
5350442.02,3,20,0,23
5350442.03,1,19,0,20
5350442.04,4,22,0,26
5350442.05,4,4,0,8
5350442.06,2,3,0,5
5350450.02,6,10,2,18
5350450.03,7,11,2,20
5350450.05,1,1,0,2
5350450.06,2,0,0,2
5350451.01,5,14,3,22
5350451.02,5,13,3,21
5350451.03,4,13,1,18
5350451.05,3,9,1,13
5350451.06,2,6,1,9
5350451.07,0,5,0,5
5350452.01,2,8,2,12
5350452.02,4,4,3,11
5350452.03,4,8,0,12
5350452.05,3,3,1,7
5350452.06,1,3,0,4
5350452.07,0,4,2,6
5350455.00,0,0,0,0
5350456.01,1,7,0,8
5350456.02,0,0,0,0
5350456.03,0,1,0,1
5350460.01,3,0,0,3
5350460.02,1,0,0,1
5350461.01,0,1,0,1
5350461.02,1,0,0,1
5350470.00,0,0,0,0
5350471.00,0,1,1,2
5350472.00,0,2,0,2
5350473.01,0,4,1,5
5350473.02,0,3,0,3
5350473.03,0,4,1,5
5350474.00,1,2,1,4
5350475.00,1,0,1,2
5350476.01,0,0,0,0
5350476.02,0,0,0,0
5350500.01,0,0,0,0
5350500.02,0,0,0,0
5350501.01,0,0,0,0
5350501.02,0,0,0,0
5350502.01,0,0,0,0
5350502.02,0,0,0,0
5350503.00,0,1,0,1
5350504.00,0,1,0,1
5350505.01,0,1,0,1
5350505.02,0,0,0,0
5350506.00,0,0,0,0
5350507.00,0,0,0,0
5350508.00,0,0,0,0
5350509.01,0,0,0,0
5350509.02,0,1,0,1
5350510.00,2,4,0,6
5350511.01,0,1,0,1
5350511.02,1,1,0,2
5350512.00,1,10,0,11
5350513.01,1,2,0,3
5350513.02,0,8,0,8
5350513.03,0,7,0,7
5350513.04,0,4,0,4
5350514.01,1,1,0,2
5350514.02,1,1,0,2
5350515.01,0,1,0,1
5350515.02,1,1,0,2
5350516.01,0,4,0,4
5350516.02,0,2,0,2
5350516.03,1,4,0,5
5350516.04,1,4,0,5
5350516.05,0,3,0,3
5350516.06,0,2,0,2
5350516.08,0,6,0,6
5350516.09,1,5,0,6
5350516.11,0,3,0,3
5350516.16,1,4,0,5
5350516.17,0,5,0,5
5350516.18,0,7,0,7
5350516.20,0,4,0,4
5350516.21,0,2,0,2
5350516.22,0,1,0,1
5350516.23,0,1,0,1
5350516.24,0,2,0,2
5350516.25,0,4,0,4
5350516.26,0,3,0,3
5350516.28,0,0,0,0
5350516.29,0,0,0,0
5350516.30,2,2,0,4
5350516.31,0,1,0,1
5350516.32,0,2,0,2
5350516.37,0,2,0,2
5350516.38,0,1,0,1
5350516.39,0,0,0,0
5350516.40,0,1,0,1
5350516.41,0,0,0,0
5350516.43,0,2,0,2
5350516.44,0,1,0,1
5350516.47,0,0,0,0
5350516.48,0,0,0,0
5350516.50,0,0,0,0
5350516.51,0,0,0,0
5350516.52,0,0,0,0
5350516.53,0,0,0,0
5350516.54,0,0,0,0
5350516.55,0,0,0,0
5350517.00,1,0,0,1
5350518.00,0,1,0,1
5350519.00,0,0,0,0
5350520.01,2,1,0,3
5350520.02,2,23,0,25
5350520.05,1,28,0,29
5350520.07,0,8,0,8
5350520.08,1,8,0,9
5350520.09,1,21,0,22
5350520.11,1,21,0,22
5350520.12,1,18,0,19
5350521.01,0,21,0,21
5350521.02,0,6,0,6
5350521.03,0,27,0,27
5350521.04,1,8,0,9
5350521.05,1,10,0,11
5350521.06,0,21,0,21
5350522.00,1,3,0,4
5350523.00,1,2,0,3
5350524.01,1,2,0,3
5350524.02,1,0,0,1
5350525.01,2,1,0,3
5350525.02,2,2,0,4
5350526.01,1,0,0,1
5350526.02,1,2,0,3
5350527.02,1,0,0,1
5350527.04,1,1,0,2
5350527.05,1,0,0,1
5350527.06,0,1,0,1
5350527.07,0,5,0,5
5350527.08,3,2,0,5
5350527.09,1,0,0,1
5350527.10,1,23,0,24
5350527.11,2,10,0,12
5350527.12,0,22,0,22
5350527.13,0,21,0,21
5350528.01,1,0,0,1
5350528.11,0,2,0,2
5350528.12,2,1,0,3
5350528.13,3,1,0,4
5350528.15,1,0,0,1
5350528.16,1,1,0,2
5350528.18,0,0,0,0
5350528.19,0,1,0,1
5350528.20,0,5,0,5
5350528.21,1,5,0,6
5350528.22,1,4,0,5
5350528.24,1,4,0,5
5350528.26,0,1,0,1
5350528.31,1,0,0,1
5350528.32,0,0,0,0
5350528.33,0,0,0,0
5350528.34,1,3,0,4
5350528.35,1,3,0,4
5350528.39,1,0,0,1
5350528.40,1,0,0,1
5350528.42,0,0,0,0
5350528.43,1,1,0,2
5350528.44,0,1,0,1
5350528.45,0,2,0,2
5350528.46,0,0,0,0
5350528.47,0,0,0,0
5350528.49,0,0,0,0
5350528.50,1,0,0,1
5350528.51,1,0,0,1
5350528.52,0,0,0,0
5350528.53,0,0,0,0
5350528.54,0,0,0,0
5350528.55,0,0,0,0
5350528.56,1,1,0,2
5350528.57,1,1,0,2
5350528.58,0,3,0,3
5350528.59,0,1,0,1
5350528.60,0,2,0,2
5350528.61,0,2,0,2
5350528.62,1,7,2,10
5350528.63,1,1,2,4
5350529.01,0,4,0,4
5350529.02,0,4,0,4
5350530.01,0,2,0,2
5350530.02,0,2,0,2
5350531.01,0,0,0,0
5350531.02,0,1,0,1
5350532.01,0,3,0,3
5350532.02,0,3,0,3
5350540.01,0,0,0,0
5350540.02,0,0,0,0
5350550.01,1,2,0,3
5350550.02,2,1,0,3
5350560.00,0,1,0,1
5350561.00,0,6,0,6
5350562.02,1,8,0,9
5350562.03,1,0,0,1
5350562.04,0,1,0,1
5350562.05,2,1,0,3
5350562.06,0,2,0,2
5350562.07,1,3,0,4
5350562.08,1,1,0,2
5350562.09,1,1,0,2
5350562.11,0,1,0,1
5350562.12,1,8,0,9
5350562.13,1,10,2,13
5350562.14,1,0,0,1
5350562.15,1,0,0,1
5350563.01,1,6,0,7
5350563.02,0,5,0,5
5350564.01,0,0,0,0
5350564.02,1,1,0,2
5350570.01,1,17,2,20
5350570.02,0,8,0,8
5350571.01,3,12,0,15
5350571.02,1,9,0,10
5350572.01,3,5,0,8
5350572.04,1,1,0,2
5350572.05,1,5,0,6
5350572.07,1,0,0,1
5350572.08,1,0,0,1
5350572.09,0,1,0,1
5350572.10,0,0,0,0
5350573.03,4,7,0,11
5350573.05,0,1,0,1
5350573.06,1,3,0,4
5350573.07,4,4,0,8
5350573.09,0,1,0,1
5350573.10,0,0,0,0
5350573.11,0,0,0,0
5350574.00,3,9,0,12
5350575.01,3,7,0,10
5350575.02,3,12,0,15
5350575.03,0,2,0,2
5350575.04,1,9,0,10
5350575.05,1,5,0,6
5350575.07,1,1,0,2
5350575.08,0,2,0,2
5350576.04,0,2,0,2
5350576.05,0,6,0,6
5350576.06,1,3,0,4
5350576.07,1,5,0,6
5350576.09,0,2,0,2
5350576.16,1,0,0,1
5350576.17,0,0,0,0
5350576.20,0,0,0,0
5350576.22,1,2,0,3
5350576.29,0,0,0,0
5350576.31,0,0,0,0
5350576.33,0,2,0,2
5350576.34,0,0,0,0
5350576.43,0,0,0,0
5350576.44,0,0,0,0
5350576.45,1,0,0,1
5350576.46,0,2,0,2
5350576.47,0,0,0,0
5350576.49,0,0,0,0
5350576.50,0,0,0,0
5350576.52,0,0,0,0
5350576.53,0,0,0,0
5350576.54,1,0,0,1
5350576.55,1,0,0,1
5350576.57,0,0,0,0
5350576.59,0,0,0,0
5350576.62,0,0,0,0
5350576.63,0,0,0,0
5350576.65,0,0,0,0
5350576.66,1,0,0,1
5350576.68,0,0,0,0
5350576.69,0,2,0,2
5350576.73,0,0,0,0
5350576.74,0,0,0,0
5350576.75,0,0,0,0
5350576.76,0,0,0,0
5350576.77,0,0,0,0
5350576.78,0,5,0,5
5350576.79,1,6,0,7
5350576.80,0,0,0,0
5350576.81,0,0,0,0
5350576.82,0,0,0,0
5350576.83,0,0,0,0
5350576.84,0,0,0,0
5350576.85,0,0,0,0
5350576.86,0,0,0,0
5350576.87,0,0,0,0
5350576.88,1,0,0,1
5350576.89,1,0,0,1
5350576.90,0,0,0,0
5350576.91,0,0,0,0
5350576.92,0,0,0,0
5350576.93,1,0,0,1
5350576.94,0,0,0,0
5350576.95,0,0,0,0
5350576.96,0,0,0,0
5350576.97,0,0,0,0
5350576.98,0,0,0,0
5350576.99,0,0,0,0
5350577.00,0,0,0,0
5350577.01,0,0,0,0
5350577.02,0,0,0,0
5350577.03,0,0,0,0
5350577.04,0,0,0,0
5350577.05,0,0,0,0
5350577.06,0,0,0,0
5350577.07,0,0,0,0
5350577.08,0,0,0,0
5350577.09,0,0,0,0
5350585.02,0,0,0,0
5350585.03,0,5,0,5
5350585.05,0,1,0,1
5350585.07,0,0,1,1
5350585.08,0,0,0,0
5350585.09,0,2,0,2
5350585.10,0,4,0,4
5350586.02,0,0,0,0
5350586.03,0,0,0,0
5350586.04,0,0,0,0
5350586.05,0,0,0,0
5350587.01,1,0,0,1
5350587.02,1,1,0,2
5350802.01,0,1,0,1
5350802.02,0,1,0,1
